3.0000000000e+00 
4.0000000000e+00 
6.0000000000e+00 
7.0000000000e+00 
9.0000000000e+00 
1.0000000000e+01 
1.2000000000e+01 
1.4000000000e+01 
1.5000000000e+01 
1.6000000000e+01 
1.7000000000e+01 
2.1000000000e+01 
2.2000000000e+01 
2.3000000000e+01 
2.4000000000e+01 
2.6000000000e+01 
2.7000000000e+01 
2.8000000000e+01 
2.9000000000e+01 
3.2000000000e+01 
3.4000000000e+01 
3.5000000000e+01 
3.6000000000e+01 
3.7000000000e+01 
3.8000000000e+01 
3.9000000000e+01 
4.2000000000e+01 
4.4000000000e+01 
4.5000000000e+01 
4.7000000000e+01 
4.8000000000e+01 
4.9000000000e+01 
5.2000000000e+01 
5.4000000000e+01 
5.6000000000e+01 
5.7000000000e+01 
5.8000000000e+01 
5.9000000000e+01 
6.2000000000e+01 
6.4000000000e+01 
6.6000000000e+01 
6.7000000000e+01 
6.9000000000e+01 
7.1000000000e+01 
7.2000000000e+01 
7.4000000000e+01 
7.5000000000e+01 
7.6000000000e+01 
7.7000000000e+01 
7.9000000000e+01 
8.2000000000e+01 
8.3000000000e+01 
8.4000000000e+01 
8.7000000000e+01 
8.9000000000e+01 
9.2000000000e+01 
9.4000000000e+01 
9.5000000000e+01 
9.7000000000e+01 
9.9000000000e+01 
1.0200000000e+02 
1.0400000000e+02 
1.0700000000e+02 
1.0900000000e+02 
1.1200000000e+02 
1.1400000000e+02 
1.1700000000e+02 
1.1900000000e+02 
1.2200000000e+02 
1.2400000000e+02 
1.2600000000e+02 
1.2700000000e+02 
1.2900000000e+02 
1.3200000000e+02 
1.3400000000e+02 
1.3700000000e+02 
1.3800000000e+02 
1.3900000000e+02 
1.4200000000e+02 
1.4300000000e+02 
1.4400000000e+02 
1.4700000000e+02 
1.4900000000e+02 
1.5200000000e+02 
1.5400000000e+02 
1.5600000000e+02 
1.5700000000e+02 
1.5900000000e+02 
1.6000000000e+02 
1.6200000000e+02 
1.6400000000e+02 
1.6700000000e+02 
1.6900000000e+02 
1.7100000000e+02 
1.7200000000e+02 
1.7400000000e+02 
1.7700000000e+02 
1.7800000000e+02 
1.8000000000e+02 
1.8100000000e+02 
1.8200000000e+02 
1.8400000000e+02 
1.8700000000e+02 
1.8800000000e+02 
1.8900000000e+02 
1.9100000000e+02 
1.9200000000e+02 
1.9400000000e+02 
1.9700000000e+02 
1.9800000000e+02 
1.9900000000e+02 
2.0100000000e+02 
2.0200000000e+02 
2.0400000000e+02 
2.0600000000e+02 
2.0700000000e+02 
2.0800000000e+02 
2.0900000000e+02 
2.1100000000e+02 
2.1200000000e+02 
2.1400000000e+02 
2.1500000000e+02 
2.1600000000e+02 
2.1700000000e+02 
2.1800000000e+02 
2.1900000000e+02 
2.2000000000e+02 
2.2100000000e+02 
2.2200000000e+02 
2.2400000000e+02 
2.2600000000e+02 
2.2700000000e+02 
2.2900000000e+02 
2.3000000000e+02 
2.3100000000e+02 
2.3200000000e+02 
2.3400000000e+02 
2.3700000000e+02 
2.3900000000e+02 
2.4200000000e+02 
2.4400000000e+02 
2.4600000000e+02 
2.4700000000e+02 
2.4900000000e+02 
2.5200000000e+02 
2.5400000000e+02 
2.5700000000e+02 
2.5800000000e+02 
2.5900000000e+02 
2.6200000000e+02 
2.6300000000e+02 
2.6400000000e+02 
2.6700000000e+02 
2.6900000000e+02 
2.7100000000e+02 
2.7200000000e+02 
2.7400000000e+02 
2.7700000000e+02 
2.7800000000e+02 
2.7900000000e+02 
2.8200000000e+02 
2.8400000000e+02 
2.8700000000e+02 
2.8900000000e+02 
2.9100000000e+02 
2.9200000000e+02 
2.9400000000e+02 
2.9700000000e+02 
2.9900000000e+02 
3.0000000000e+02 
3.0200000000e+02 
3.0400000000e+02 
3.0700000000e+02 
3.0900000000e+02 
3.1100000000e+02 
3.1200000000e+02 
3.1400000000e+02 
3.1700000000e+02 
3.1900000000e+02 
3.2200000000e+02 
3.2400000000e+02 
3.2700000000e+02 
3.2900000000e+02 
3.3000000000e+02 
3.3200000000e+02 
3.3400000000e+02 
3.3500000000e+02 
3.3700000000e+02 
3.3900000000e+02 
3.4200000000e+02 
3.4400000000e+02 
3.4700000000e+02 
3.4900000000e+02 
3.5200000000e+02 
3.5400000000e+02 
3.5700000000e+02 
3.5900000000e+02 
3.6200000000e+02 
3.6400000000e+02 
3.6700000000e+02 
3.6900000000e+02 
3.7200000000e+02 
3.7400000000e+02 
3.7700000000e+02 
3.7900000000e+02 
3.8200000000e+02 
3.8300000000e+02 
3.8400000000e+02 
3.8700000000e+02 
3.8900000000e+02 
3.9400000000e+02 
3.9600000000e+02 
3.9700000000e+02 
3.9900000000e+02 
4.0200000000e+02 
4.0400000000e+02 
4.0700000000e+02 
4.0900000000e+02 
4.1200000000e+02 
4.1400000000e+02 
4.1700000000e+02 
4.1900000000e+02 
4.2200000000e+02 
4.2400000000e+02 
4.2700000000e+02 
4.2900000000e+02 
4.3100000000e+02 
4.3200000000e+02 
4.3400000000e+02 
4.3600000000e+02 
4.3700000000e+02 
4.3900000000e+02 
4.4200000000e+02 
4.4400000000e+02 
4.4700000000e+02 
4.4900000000e+02 
4.5000000000e+02 
4.5100000000e+02 
4.5200000000e+02 
4.5300000000e+02 
4.5400000000e+02 
4.5500000000e+02 
4.5600000000e+02 
4.5700000000e+02 
4.5800000000e+02 
4.5900000000e+02 
4.6000000000e+02 
4.6100000000e+02 
4.6200000000e+02 
4.6400000000e+02 
4.6600000000e+02 
4.6700000000e+02 
4.6900000000e+02 
4.7200000000e+02 
4.7400000000e+02 
4.7700000000e+02 
4.7900000000e+02 
4.8200000000e+02 
4.8400000000e+02 
4.8500000000e+02 
4.8600000000e+02 
4.8700000000e+02 
4.8900000000e+02 
4.9000000000e+02 
4.9100000000e+02 
4.9200000000e+02 
4.9400000000e+02 
4.9600000000e+02 
4.9700000000e+02 
4.9900000000e+02 
5.0200000000e+02 
5.0300000000e+02 
5.0400000000e+02 
5.0600000000e+02 
5.0700000000e+02 
5.0900000000e+02 
5.1200000000e+02 
5.1400000000e+02 
5.1700000000e+02 
5.1900000000e+02 
5.2200000000e+02 
5.2400000000e+02 
5.2700000000e+02 
5.2900000000e+02 
5.3000000000e+02 
5.3100000000e+02 
5.3200000000e+02 
5.3400000000e+02 
5.3500000000e+02 
5.3600000000e+02 
5.3700000000e+02 
5.3900000000e+02 
5.4200000000e+02 
5.4300000000e+02 
5.4400000000e+02 
5.4700000000e+02 
5.4900000000e+02 
5.5100000000e+02 
5.5200000000e+02 
5.5400000000e+02 
5.5600000000e+02 
5.5700000000e+02 
5.5900000000e+02 
5.6100000000e+02 
5.6200000000e+02 
5.6300000000e+02 
5.6400000000e+02 
5.6700000000e+02 
5.6900000000e+02 
5.7100000000e+02 
5.7200000000e+02 
5.7400000000e+02 
5.7500000000e+02 
5.7700000000e+02 
5.7900000000e+02 
5.8200000000e+02 
5.8400000000e+02 
5.8700000000e+02 
5.9100000000e+02 
5.9200000000e+02 
5.9400000000e+02 
5.9500000000e+02 
5.9600000000e+02 
5.9700000000e+02 
5.9900000000e+02 
6.0100000000e+02 
6.0200000000e+02 
6.0400000000e+02 
6.0500000000e+02 
6.0600000000e+02 
6.0700000000e+02 
6.1100000000e+02 
6.1200000000e+02 
6.1400000000e+02 
6.1500000000e+02 
6.1600000000e+02 
6.1700000000e+02 
6.2100000000e+02 
6.2200000000e+02 
6.2300000000e+02 
6.2600000000e+02 
6.2700000000e+02 
6.2800000000e+02 
6.3100000000e+02 
6.3200000000e+02 
6.3600000000e+02 
6.3700000000e+02 
6.4100000000e+02 
6.4200000000e+02 
6.4400000000e+02 
6.4500000000e+02 
6.4600000000e+02 
6.4700000000e+02 
6.4900000000e+02 
6.5200000000e+02 
6.5400000000e+02 
6.5500000000e+02 
6.5600000000e+02 
6.5700000000e+02 
6.6100000000e+02 
6.6200000000e+02 
6.6400000000e+02 
6.6500000000e+02 
6.6600000000e+02 
6.6700000000e+02 
6.7100000000e+02 
6.7200000000e+02 
6.7300000000e+02 
6.7700000000e+02 
6.7900000000e+02 
6.8100000000e+02 
6.8200000000e+02 
6.8400000000e+02 
6.8500000000e+02 
6.8600000000e+02 
6.8700000000e+02 
6.8800000000e+02 
6.8900000000e+02 
6.9000000000e+02 
6.9100000000e+02 
6.9200000000e+02 
6.9400000000e+02 
6.9500000000e+02 
6.9700000000e+02 
6.9900000000e+02 
7.0200000000e+02 
7.0400000000e+02 
7.0700000000e+02 
7.0900000000e+02 
7.1100000000e+02 
7.1200000000e+02 
7.1400000000e+02 
7.1700000000e+02 
7.1900000000e+02 
7.2100000000e+02 
7.2200000000e+02 
7.2400000000e+02 
7.2600000000e+02 
7.2900000000e+02 
7.3100000000e+02 
7.3200000000e+02 
7.3300000000e+02 
7.3400000000e+02 
7.3700000000e+02 
7.3900000000e+02 
7.4000000000e+02 
7.4200000000e+02 
7.4300000000e+02 
7.4400000000e+02 
7.4600000000e+02 
7.4900000000e+02 
7.5000000000e+02 
7.5200000000e+02 
7.5400000000e+02 
7.5600000000e+02 
7.5900000000e+02 
7.6100000000e+02 
7.6400000000e+02 
7.6600000000e+02 
7.6700000000e+02 
7.6900000000e+02 
7.7100000000e+02 
7.7400000000e+02 
7.7700000000e+02 
7.7900000000e+02 
7.8100000000e+02 
7.8200000000e+02 
7.8400000000e+02 
7.8700000000e+02 
7.8900000000e+02 
7.9100000000e+02 
7.9200000000e+02 
7.9400000000e+02 
7.9700000000e+02 
7.9900000000e+02 
8.0200000000e+02 
8.0400000000e+02 
8.0700000000e+02 
8.0900000000e+02 
8.1200000000e+02 
8.1400000000e+02 
8.1500000000e+02 
8.1600000000e+02 
8.1900000000e+02 
8.2200000000e+02 
8.2400000000e+02 
8.2700000000e+02 
8.2900000000e+02 
8.3100000000e+02 
8.3200000000e+02 
8.3400000000e+02 
8.3600000000e+02 
8.3900000000e+02 
8.4100000000e+02 
8.4200000000e+02 
8.4300000000e+02 
8.4400000000e+02 
8.4600000000e+02 
8.4700000000e+02 
8.4800000000e+02 
8.4900000000e+02 
8.5100000000e+02 
8.5200000000e+02 
8.5400000000e+02 
8.5600000000e+02 
8.5900000000e+02 
8.6100000000e+02 
8.6300000000e+02 
8.6400000000e+02 
8.6600000000e+02 
8.6800000000e+02 
8.6900000000e+02 
8.7100000000e+02 
8.7400000000e+02 
8.7600000000e+02 
8.7900000000e+02 
8.8100000000e+02 
8.8400000000e+02 
8.8700000000e+02 
8.8900000000e+02 
8.9100000000e+02 
8.9400000000e+02 
8.9600000000e+02 
8.9800000000e+02 
8.9900000000e+02 
9.0100000000e+02 
9.0400000000e+02 
9.0500000000e+02 
9.0600000000e+02 
9.0900000000e+02 
9.1100000000e+02 
9.1400000000e+02 
9.1600000000e+02 
9.1900000000e+02 
9.2000000000e+02 
9.2100000000e+02 
9.2400000000e+02 
9.2600000000e+02 
9.2900000000e+02 
9.3100000000e+02 
9.3400000000e+02 
9.3500000000e+02 
9.3600000000e+02 
9.3900000000e+02 
9.4000000000e+02 
9.4100000000e+02 
9.4400000000e+02 
9.4600000000e+02 
9.4900000000e+02 
9.5100000000e+02 
9.5400000000e+02 
9.5600000000e+02 
9.5900000000e+02 
9.6100000000e+02 
9.6300000000e+02 
9.6400000000e+02 
9.6600000000e+02 
9.6900000000e+02 
9.7100000000e+02 
9.7200000000e+02 
9.7300000000e+02 
9.7400000000e+02 
9.7500000000e+02 
9.7600000000e+02 
9.7700000000e+02 
9.7900000000e+02 
9.8000000000e+02 
9.8200000000e+02 
9.8300000000e+02 
9.8400000000e+02 
9.8500000000e+02 
9.8600000000e+02 
9.8700000000e+02 
9.8900000000e+02 
9.9100000000e+02 
9.9400000000e+02 
9.9600000000e+02 
9.9900000000e+02 
1.0010000000e+03 
1.0040000000e+03 
1.0050000000e+03 
1.0060000000e+03 
1.0070000000e+03 
1.0080000000e+03 
1.0090000000e+03 
1.0110000000e+03 
1.0120000000e+03 
1.0140000000e+03 
1.0160000000e+03 
1.0170000000e+03 
1.0180000000e+03 
1.0190000000e+03 
1.0200000000e+03 
1.0210000000e+03 
1.0220000000e+03 
1.0230000000e+03 
1.0240000000e+03 
1.0260000000e+03 
1.0270000000e+03 
1.0280000000e+03 
1.0290000000e+03 
1.0310000000e+03 
1.0330000000e+03 
1.0340000000e+03 
1.0350000000e+03 
1.0360000000e+03 
1.0370000000e+03 
1.0380000000e+03 
1.0390000000e+03 
1.0410000000e+03 
1.0420000000e+03 
1.0440000000e+03 
1.0450000000e+03 
1.0460000000e+03 
1.0480000000e+03 
1.0490000000e+03 
1.0510000000e+03 
1.0540000000e+03 
1.0550000000e+03 
1.0560000000e+03 
1.0570000000e+03 
1.0590000000e+03 
1.0600000000e+03 
1.0610000000e+03 
1.0620000000e+03 
1.0630000000e+03 
1.0640000000e+03 
1.0650000000e+03 
1.0660000000e+03 
1.0670000000e+03 
1.0680000000e+03 
1.0690000000e+03 
1.0700000000e+03 
1.0710000000e+03 
1.0720000000e+03 
1.0730000000e+03 
1.0740000000e+03 
1.0760000000e+03 
1.0770000000e+03 
1.0780000000e+03 
1.0790000000e+03 
1.0810000000e+03 
1.0820000000e+03 
1.0830000000e+03 
1.0840000000e+03 
1.0850000000e+03 
1.0860000000e+03 
1.0870000000e+03 
1.0880000000e+03 
1.0890000000e+03 
1.0900000000e+03 
1.0910000000e+03 
1.0920000000e+03 
1.0930000000e+03 
1.0940000000e+03 
1.0950000000e+03 
1.0960000000e+03 
1.0970000000e+03 
1.0980000000e+03 
1.0990000000e+03 
1.1000000000e+03 
1.1010000000e+03 
1.1020000000e+03 
1.1030000000e+03 
1.1040000000e+03 
1.1050000000e+03 
1.1060000000e+03 
1.1070000000e+03 
1.1080000000e+03 
1.1090000000e+03 
1.1100000000e+03 
1.1110000000e+03 
1.1120000000e+03 
1.1130000000e+03 
1.1140000000e+03 
1.1150000000e+03 
1.1160000000e+03 
1.1180000000e+03 
1.1190000000e+03 
1.1200000000e+03 
1.1210000000e+03 
1.1240000000e+03 
1.1250000000e+03 
1.1260000000e+03 
1.1270000000e+03 
1.1290000000e+03 
1.1310000000e+03 
1.1330000000e+03 
1.1340000000e+03 
1.1350000000e+03 
1.1360000000e+03 
1.1370000000e+03 
1.1390000000e+03 
1.1410000000e+03 
1.1420000000e+03 
1.1440000000e+03 
1.1460000000e+03 
1.1470000000e+03 
1.1480000000e+03 
1.1490000000e+03 
1.1500000000e+03 
1.1510000000e+03 
1.1520000000e+03 
1.1530000000e+03 
1.1540000000e+03 
1.1550000000e+03 
1.1560000000e+03 
1.1570000000e+03 
1.1580000000e+03 
1.1590000000e+03 
1.1600000000e+03 
1.1610000000e+03 
1.1630000000e+03 
1.1640000000e+03 
1.1650000000e+03 
1.1660000000e+03 
1.1670000000e+03 
1.1680000000e+03 
1.1690000000e+03 
1.1700000000e+03 
1.1710000000e+03 
1.1730000000e+03 
1.1740000000e+03 
1.1750000000e+03 
1.1760000000e+03 
1.1770000000e+03 
1.1790000000e+03 
1.1800000000e+03 
1.1810000000e+03 
1.1820000000e+03 
1.1840000000e+03 
1.1850000000e+03 
1.1860000000e+03 
1.1880000000e+03 
1.1890000000e+03 
1.1910000000e+03 
1.1920000000e+03 
1.1930000000e+03 
1.1940000000e+03 
1.1960000000e+03 
1.1970000000e+03 
1.1980000000e+03 
1.1990000000e+03 
1.2010000000e+03 
1.2020000000e+03 
1.2040000000e+03 
1.2050000000e+03 
1.2060000000e+03 
1.2090000000e+03 
1.2100000000e+03 
1.2110000000e+03 
1.2140000000e+03 
1.2150000000e+03 
1.2160000000e+03 
1.2170000000e+03 
1.2190000000e+03 
1.2210000000e+03 
1.2230000000e+03 
1.2240000000e+03 
1.2250000000e+03 
1.2260000000e+03 
1.2290000000e+03 
1.2300000000e+03 
1.2310000000e+03 
1.2320000000e+03 
1.2340000000e+03 
1.2360000000e+03 
1.2390000000e+03 
1.2410000000e+03 
1.2440000000e+03 
1.2460000000e+03 
1.2470000000e+03 
1.2490000000e+03 
1.2500000000e+03 
1.2510000000e+03 
1.2540000000e+03 
1.2560000000e+03 
1.2580000000e+03 
1.2590000000e+03 
1.2600000000e+03 
1.2610000000e+03 
1.2640000000e+03 
1.2660000000e+03 
1.2690000000e+03 
1.2710000000e+03 
1.2740000000e+03 
1.2760000000e+03 
1.2790000000e+03 
1.2800000000e+03 
1.2810000000e+03 
1.2820000000e+03 
1.2840000000e+03 
1.2860000000e+03 
1.2870000000e+03 
1.2880000000e+03 
1.2890000000e+03 
1.2910000000e+03 
1.2920000000e+03 
1.2940000000e+03 
1.2950000000e+03 
1.2960000000e+03 
1.2970000000e+03 
1.2980000000e+03 
1.2990000000e+03 
1.3000000000e+03 
1.3010000000e+03 
1.3020000000e+03 
1.3040000000e+03 
1.3060000000e+03 
1.3070000000e+03 
1.3080000000e+03 
1.3090000000e+03 
1.3110000000e+03 
1.3120000000e+03 
1.3130000000e+03 
1.3140000000e+03 
1.3160000000e+03 
1.3170000000e+03 
1.3180000000e+03 
1.3190000000e+03 
1.3210000000e+03 
1.3220000000e+03 
1.3230000000e+03 
1.3240000000e+03 
1.3260000000e+03 
1.3280000000e+03 
1.3290000000e+03 
1.3300000000e+03 
1.3310000000e+03 
1.3320000000e+03 
1.3330000000e+03 
1.3340000000e+03 
1.3350000000e+03 
1.3360000000e+03 
1.3370000000e+03 
1.3380000000e+03 
1.3390000000e+03 
1.3400000000e+03 
1.3410000000e+03 
1.3430000000e+03 
1.3440000000e+03 
1.3460000000e+03 
1.3470000000e+03 
1.3480000000e+03 
1.3490000000e+03 
1.3500000000e+03 
1.3510000000e+03 
1.3540000000e+03 
1.3560000000e+03 
1.3570000000e+03 
1.3590000000e+03 
1.3610000000e+03 
1.3620000000e+03 
1.3640000000e+03 
1.3660000000e+03 
1.3670000000e+03 
1.3690000000e+03 
1.3710000000e+03 
1.3720000000e+03 
1.3730000000e+03 
1.3740000000e+03 
1.3760000000e+03 
1.3770000000e+03 
1.3780000000e+03 
1.3790000000e+03 
1.3810000000e+03 
1.3820000000e+03 
1.3830000000e+03 
1.3840000000e+03 
1.3860000000e+03 
1.3890000000e+03 
1.3910000000e+03 
1.3940000000e+03 
1.3960000000e+03 
1.3990000000e+03 
1.4010000000e+03 
1.4040000000e+03 
1.4070000000e+03 
1.4090000000e+03 
1.4110000000e+03 
1.4140000000e+03 
1.4150000000e+03 
1.4160000000e+03 
1.4170000000e+03 
1.4190000000e+03 
1.4210000000e+03 
1.4220000000e+03 
1.4240000000e+03 
1.4260000000e+03 
1.4290000000e+03 
1.4310000000e+03 
1.4320000000e+03 
1.4330000000e+03 
1.4340000000e+03 
1.4360000000e+03 
1.4370000000e+03 
1.4380000000e+03 
1.4390000000e+03 
1.4410000000e+03 
1.4440000000e+03 
1.4460000000e+03 
1.4490000000e+03 
1.4510000000e+03 
1.4540000000e+03 
1.4560000000e+03 
1.4580000000e+03 
1.4590000000e+03 
1.4610000000e+03 
1.4630000000e+03 
1.4640000000e+03 
1.4660000000e+03 
1.4690000000e+03 
1.4710000000e+03 
1.4740000000e+03 
1.4760000000e+03 
1.4790000000e+03 
1.4800000000e+03 
1.4810000000e+03 
1.4840000000e+03 
1.4860000000e+03 
1.4870000000e+03 
1.4890000000e+03 
1.4910000000e+03 
1.4940000000e+03 
1.4960000000e+03 
1.4980000000e+03 
1.4990000000e+03 
1.5010000000e+03 
1.5040000000e+03 
1.5060000000e+03 
1.5090000000e+03 
1.5110000000e+03 
1.5140000000e+03 
1.5160000000e+03 
1.5190000000e+03 
1.5210000000e+03 
1.5240000000e+03 
1.5260000000e+03 
1.5290000000e+03 
1.5310000000e+03 
1.5340000000e+03 
1.5350000000e+03 
1.5360000000e+03 
1.5390000000e+03 
1.5410000000e+03 
1.5440000000e+03 
1.5460000000e+03 
1.5490000000e+03 
1.5510000000e+03 
1.5540000000e+03 
1.5560000000e+03 
1.5590000000e+03 
1.5610000000e+03 
1.5640000000e+03 
1.5660000000e+03 
1.5680000000e+03 
1.5690000000e+03 
1.5710000000e+03 
1.5740000000e+03 
1.5760000000e+03 
1.5790000000e+03 
1.5810000000e+03 
1.5830000000e+03 
1.5840000000e+03 
1.5860000000e+03 
1.5890000000e+03 
1.5910000000e+03 
1.5940000000e+03 
1.5960000000e+03 
1.5990000000e+03 
1.6010000000e+03 
1.6040000000e+03 
1.6060000000e+03 
1.6070000000e+03 
1.6090000000e+03 
1.6110000000e+03 
1.6160000000e+03 
1.6170000000e+03 
1.6190000000e+03 
1.6210000000e+03 
1.6240000000e+03 
1.6260000000e+03 
1.6290000000e+03 
1.6310000000e+03 
1.6340000000e+03 
1.6360000000e+03 
1.6390000000e+03 
1.6410000000e+03 
1.6440000000e+03 
1.6460000000e+03 
1.6470000000e+03 
1.6490000000e+03 
1.6510000000e+03 
1.6540000000e+03 
1.6550000000e+03 
1.6560000000e+03 
1.6590000000e+03 
1.6610000000e+03 
1.6640000000e+03 
1.6660000000e+03 
1.6680000000e+03 
1.6690000000e+03 
1.6710000000e+03 
1.6740000000e+03 
1.6760000000e+03 
1.6780000000e+03 
1.6790000000e+03 
1.6810000000e+03 
1.6840000000e+03 
1.6860000000e+03 
1.6870000000e+03 
1.6890000000e+03 
1.6910000000e+03 
1.6940000000e+03 
1.6960000000e+03 
1.6980000000e+03 
1.6990000000e+03 
1.7010000000e+03 
1.7030000000e+03 
1.7040000000e+03 
1.7060000000e+03 
1.7090000000e+03 
1.7110000000e+03 
1.7130000000e+03 
1.7140000000e+03 
1.7170000000e+03 
1.7190000000e+03 
1.7220000000e+03 
1.7240000000e+03 
1.7260000000e+03 
1.7270000000e+03 
1.7290000000e+03 
1.7310000000e+03 
1.7320000000e+03 
1.7330000000e+03 
1.7340000000e+03 
1.7360000000e+03 
1.7390000000e+03 
1.7410000000e+03 
1.7440000000e+03 
1.7460000000e+03 
1.7490000000e+03 
1.7510000000e+03 
1.7520000000e+03 
1.7530000000e+03 
1.7540000000e+03 
1.7560000000e+03 
1.7590000000e+03 
1.7610000000e+03 
1.7630000000e+03 
1.7640000000e+03 
1.7660000000e+03 
1.7690000000e+03 
1.7710000000e+03 
1.7720000000e+03 
1.7740000000e+03 
1.7750000000e+03 
1.7760000000e+03 
1.7790000000e+03 
1.7810000000e+03 
1.7820000000e+03 
1.7830000000e+03 
1.7840000000e+03 
1.7860000000e+03 
1.7890000000e+03 
1.7910000000e+03 
1.7940000000e+03 
1.7960000000e+03 
1.7990000000e+03 
1.8010000000e+03 
1.8040000000e+03 
1.8060000000e+03 
1.8090000000e+03 
1.8110000000e+03 
1.8130000000e+03 
1.8140000000e+03 
1.8160000000e+03 
1.8190000000e+03 
1.8210000000e+03 
1.8230000000e+03 
1.8240000000e+03 
1.8260000000e+03 
1.8270000000e+03 
1.8280000000e+03 
1.8290000000e+03 
1.8310000000e+03 
1.8340000000e+03 
1.8360000000e+03 
1.8390000000e+03 
1.8410000000e+03 
1.8440000000e+03 
1.8450000000e+03 
1.8460000000e+03 
1.8470000000e+03 
1.8480000000e+03 
1.8490000000e+03 
1.8510000000e+03 
1.8530000000e+03 
1.8540000000e+03 
1.8560000000e+03 
1.8590000000e+03 
1.8600000000e+03 
1.8610000000e+03 
1.8620000000e+03 
1.8630000000e+03 
1.8640000000e+03 
1.8660000000e+03 
1.8680000000e+03 
1.8690000000e+03 
1.8710000000e+03 
1.8740000000e+03 
1.8760000000e+03 
1.8790000000e+03 
1.8810000000e+03 
1.8820000000e+03 
1.8830000000e+03 
1.8840000000e+03 
1.8860000000e+03 
1.8870000000e+03 
1.8880000000e+03 
1.8890000000e+03 
1.8900000000e+03 
1.8910000000e+03 
1.8920000000e+03 
1.8930000000e+03 
1.8940000000e+03 
1.8950000000e+03 
1.8960000000e+03 
1.8990000000e+03 
1.9000000000e+03 
1.9010000000e+03 
1.9030000000e+03 
1.9040000000e+03 
1.9060000000e+03 
1.9070000000e+03 
1.9090000000e+03 
1.9100000000e+03 
1.9110000000e+03 
1.9120000000e+03 
1.9130000000e+03 
1.9140000000e+03 
1.9150000000e+03 
1.9160000000e+03 
1.9180000000e+03 
1.9190000000e+03 
1.9210000000e+03 
1.9230000000e+03 
1.9240000000e+03 
1.9260000000e+03 
1.9290000000e+03 
1.9300000000e+03 
1.9320000000e+03 
1.9340000000e+03 
1.9360000000e+03 
1.9370000000e+03 
1.9380000000e+03 
1.9390000000e+03 
1.9400000000e+03 
1.9410000000e+03 
1.9420000000e+03 
1.9430000000e+03 
1.9440000000e+03 
1.9450000000e+03 
1.9460000000e+03 
1.9470000000e+03 
1.9480000000e+03 
1.9490000000e+03 
1.9500000000e+03 
1.9510000000e+03 
1.9540000000e+03 
1.9550000000e+03 
1.9560000000e+03 
1.9570000000e+03 
1.9580000000e+03 
1.9590000000e+03 
1.9600000000e+03 
1.9610000000e+03 
1.9620000000e+03 
1.9640000000e+03 
1.9660000000e+03 
1.9670000000e+03 
1.9690000000e+03 
1.9710000000e+03 
1.9720000000e+03 
1.9740000000e+03 
1.9750000000e+03 
1.9760000000e+03 
1.9790000000e+03 
1.9810000000e+03 
1.9830000000e+03 
1.9840000000e+03 
1.9850000000e+03 
1.9860000000e+03 
1.9870000000e+03 
1.9880000000e+03 
1.9890000000e+03 
1.9900000000e+03 
1.9910000000e+03 
1.9920000000e+03 
1.9930000000e+03 
1.9940000000e+03 
1.9950000000e+03 
1.9960000000e+03 
1.9970000000e+03 
1.9980000000e+03 
1.9990000000e+03 
2.0000000000e+03 
2.0010000000e+03 
2.0020000000e+03 
2.0040000000e+03 
2.0050000000e+03 
2.0060000000e+03 
2.0070000000e+03 
2.0080000000e+03 
2.0090000000e+03 
2.0100000000e+03 
2.0110000000e+03 
2.0120000000e+03 
2.0130000000e+03 
2.0140000000e+03 
2.0150000000e+03 
2.0160000000e+03 
2.0170000000e+03 
2.0180000000e+03 
2.0190000000e+03 
2.0200000000e+03 
2.0210000000e+03 
2.0220000000e+03 
2.0230000000e+03 
2.0240000000e+03 
2.0250000000e+03 
2.0260000000e+03 
2.0270000000e+03 
2.0280000000e+03 
2.0290000000e+03 
2.0310000000e+03 
2.0320000000e+03 
2.0340000000e+03 
2.0360000000e+03 
2.0390000000e+03 
2.0400000000e+03 
2.0410000000e+03 
2.0420000000e+03 
2.0430000000e+03 
2.0440000000e+03 
2.0450000000e+03 
2.0460000000e+03 
2.0470000000e+03 
2.0480000000e+03 
2.0490000000e+03 
2.0500000000e+03 
2.0510000000e+03 
2.0520000000e+03 
2.0530000000e+03 
2.0540000000e+03 
2.0550000000e+03 
2.0560000000e+03 
2.0580000000e+03 
2.0590000000e+03 
2.0600000000e+03 
2.0610000000e+03 
2.0620000000e+03 
2.0630000000e+03 
2.0640000000e+03 
2.0660000000e+03 
2.0670000000e+03 
2.0680000000e+03 
2.0690000000e+03 
2.0710000000e+03 
2.0720000000e+03 
2.0730000000e+03 
2.0740000000e+03 
2.0750000000e+03 
2.0760000000e+03 
2.0770000000e+03 
2.0780000000e+03 
2.0790000000e+03 
2.0800000000e+03 
2.0810000000e+03 
2.0820000000e+03 
2.0830000000e+03 
2.0840000000e+03 
2.0850000000e+03 
2.0860000000e+03 
2.0870000000e+03 
2.0880000000e+03 
2.0890000000e+03 
2.0900000000e+03 
2.0910000000e+03 
2.0920000000e+03 
2.0930000000e+03 
2.0940000000e+03 
2.0960000000e+03 
2.0980000000e+03 
2.0990000000e+03 
2.1000000000e+03 
2.1010000000e+03 
2.1020000000e+03 
2.1030000000e+03 
2.1040000000e+03 
2.1050000000e+03 
2.1060000000e+03 
2.1070000000e+03 
2.1080000000e+03 
2.1090000000e+03 
2.1110000000e+03 
2.1140000000e+03 
2.1160000000e+03 
2.1190000000e+03 
2.1210000000e+03 
2.1220000000e+03 
2.1240000000e+03 
2.1260000000e+03 
2.1290000000e+03 
2.1310000000e+03 
2.1320000000e+03 
2.1340000000e+03 
2.1350000000e+03 
2.1360000000e+03 
2.1390000000e+03 
2.1400000000e+03 
2.1410000000e+03 
2.1440000000e+03 
2.1450000000e+03 
2.1460000000e+03 
2.1470000000e+03 
2.1480000000e+03 
2.1490000000e+03 
2.1510000000e+03 
2.1540000000e+03 
2.1560000000e+03 
2.1580000000e+03 
2.1590000000e+03 
2.1610000000e+03 
2.1620000000e+03 
2.1630000000e+03 
2.1640000000e+03 
2.1660000000e+03 
2.1670000000e+03 
2.1680000000e+03 
2.1690000000e+03 
2.1710000000e+03 
2.1740000000e+03 
2.1760000000e+03 
2.1780000000e+03 
2.1790000000e+03 
2.1810000000e+03 
2.1830000000e+03 
2.1840000000e+03 
2.1860000000e+03 
2.1890000000e+03 
2.1910000000e+03 
2.1940000000e+03 
2.1960000000e+03 
2.1990000000e+03 
2.2010000000e+03 
2.2040000000e+03 
2.2060000000e+03 
2.2070000000e+03 
2.2090000000e+03 
2.2110000000e+03 
2.2140000000e+03 
2.2160000000e+03 
2.2180000000e+03 
2.2190000000e+03 
2.2210000000e+03 
2.2240000000e+03 
2.2260000000e+03 
2.2280000000e+03 
2.2290000000e+03 
2.2310000000e+03 
2.2340000000e+03 
2.2360000000e+03 
2.2390000000e+03 
2.2410000000e+03 
2.2430000000e+03 
2.2440000000e+03 
2.2460000000e+03 
2.2470000000e+03 
2.2490000000e+03 
2.2500000000e+03 
2.2510000000e+03 
2.2540000000e+03 
2.2550000000e+03 
2.2560000000e+03 
2.2590000000e+03 
2.2610000000e+03 
2.2620000000e+03 
2.2630000000e+03 
2.2640000000e+03 
2.2650000000e+03 
2.2660000000e+03 
2.2690000000e+03 
2.2700000000e+03 
2.2710000000e+03 
2.2740000000e+03 
2.2760000000e+03 
2.2790000000e+03 
2.2810000000e+03 
2.2820000000e+03 
2.2840000000e+03 
2.2860000000e+03 
2.2890000000e+03 
2.2910000000e+03 
2.2940000000e+03 
2.2950000000e+03 
2.2990000000e+03 
2.3010000000e+03 
2.3020000000e+03 
2.3030000000e+03 
2.3040000000e+03 
2.3070000000e+03 
2.3090000000e+03 
2.3110000000e+03 
2.3120000000e+03 
2.3130000000e+03 
2.3140000000e+03 
2.3160000000e+03 
2.3190000000e+03 
2.3210000000e+03 
2.3220000000e+03 
2.3240000000e+03 
2.3260000000e+03 
2.3270000000e+03 
2.3290000000e+03 
2.3310000000e+03 
2.3330000000e+03 
2.3340000000e+03 
2.3360000000e+03 
2.3390000000e+03 
2.3410000000e+03 
2.3440000000e+03 
2.3460000000e+03 
2.3490000000e+03 
2.3510000000e+03 
2.3540000000e+03 
2.3560000000e+03 
2.3590000000e+03 
2.3610000000e+03 
2.3630000000e+03 
2.3640000000e+03 
2.3660000000e+03 
2.3680000000e+03 
2.3690000000e+03 
2.3700000000e+03 
2.3710000000e+03 
2.3740000000e+03 
2.3750000000e+03 
2.3760000000e+03 
2.3780000000e+03 
2.3790000000e+03 
2.3800000000e+03 
2.3810000000e+03 
2.3830000000e+03 
2.3840000000e+03 
2.3850000000e+03 
2.3860000000e+03 
2.3870000000e+03 
2.3880000000e+03 
2.3890000000e+03 
2.3900000000e+03 
2.3910000000e+03 
2.3920000000e+03 
2.3930000000e+03 
2.3940000000e+03 
2.3950000000e+03 
2.3960000000e+03 
2.3970000000e+03 
2.3980000000e+03 
2.3990000000e+03 
2.4000000000e+03 
2.4010000000e+03 
2.4020000000e+03 
2.4030000000e+03 
2.4040000000e+03 
2.4050000000e+03 
2.4060000000e+03 
2.4070000000e+03 
2.4080000000e+03 
2.4090000000e+03 
2.4100000000e+03 
2.4110000000e+03 
2.4120000000e+03 
2.4130000000e+03 
2.4140000000e+03 
2.4150000000e+03 
2.4160000000e+03 
2.4170000000e+03 
2.4180000000e+03 
2.4190000000e+03 
2.4200000000e+03 
2.4210000000e+03 
2.4220000000e+03 
2.4230000000e+03 
2.4240000000e+03 
2.4250000000e+03 
2.4260000000e+03 
2.4280000000e+03 
2.4290000000e+03 
2.4300000000e+03 
2.4310000000e+03 
2.4320000000e+03 
2.4330000000e+03 
2.4340000000e+03 
2.4350000000e+03 
2.4360000000e+03 
2.4370000000e+03 
2.4390000000e+03 
2.4400000000e+03 
2.4410000000e+03 
2.4420000000e+03 
2.4430000000e+03 
2.4440000000e+03 
2.4450000000e+03 
2.4460000000e+03 
2.4470000000e+03 
2.4480000000e+03 
2.4490000000e+03 
2.4510000000e+03 
2.4520000000e+03 
2.4530000000e+03 
2.4540000000e+03 
2.4560000000e+03 
2.4580000000e+03 
2.4590000000e+03 
2.4610000000e+03 
2.4640000000e+03 
2.4650000000e+03 
2.4660000000e+03 
2.4670000000e+03 
2.4680000000e+03 
2.4690000000e+03 
2.4700000000e+03 
2.4710000000e+03 
2.4730000000e+03 
2.4740000000e+03 
2.4750000000e+03 
2.4760000000e+03 
2.4770000000e+03 
2.4780000000e+03 
2.4790000000e+03 
2.4800000000e+03 
2.4810000000e+03 
2.4820000000e+03 
2.4830000000e+03 
2.4840000000e+03 
2.4850000000e+03 
2.4860000000e+03 
2.4870000000e+03 
2.4880000000e+03 
2.4890000000e+03 
2.4900000000e+03 
2.4910000000e+03 
2.4920000000e+03 
2.4930000000e+03 
2.4940000000e+03 
2.4950000000e+03 
2.4960000000e+03 
2.4970000000e+03 
2.4980000000e+03 
2.4990000000e+03 
2.5000000000e+03 
2.5010000000e+03 
2.5020000000e+03 
2.5030000000e+03 
2.5040000000e+03 
2.5050000000e+03 
2.5060000000e+03 
2.5070000000e+03 
2.5080000000e+03 
2.5090000000e+03 
2.5100000000e+03 
2.5110000000e+03 
2.5120000000e+03 
2.5130000000e+03 
2.5140000000e+03 
2.5150000000e+03 
2.5160000000e+03 
2.5170000000e+03 
2.5190000000e+03 
2.5200000000e+03 
2.5210000000e+03 
2.5220000000e+03 
2.5230000000e+03 
2.5240000000e+03 
2.5250000000e+03 
2.5260000000e+03 
2.5270000000e+03 
2.5280000000e+03 
2.5290000000e+03 
2.5300000000e+03 
2.5310000000e+03 
2.5340000000e+03 
2.5350000000e+03 
2.5360000000e+03 
2.5380000000e+03 
2.5390000000e+03 
2.5400000000e+03 
2.5410000000e+03 
2.5420000000e+03 
2.5430000000e+03 
2.5440000000e+03 
2.5450000000e+03 
2.5460000000e+03 
2.5480000000e+03 
2.5490000000e+03 
2.5500000000e+03 
2.5510000000e+03 
2.5520000000e+03 
2.5530000000e+03 
2.5540000000e+03 
2.5550000000e+03 
2.5560000000e+03 
2.5580000000e+03 
2.5590000000e+03 
2.5610000000e+03 
2.5640000000e+03 
2.5660000000e+03 
2.5670000000e+03 
2.5690000000e+03 
2.5710000000e+03 
2.5740000000e+03 
2.5760000000e+03 
2.5790000000e+03 
2.5810000000e+03 
2.5840000000e+03 
2.5860000000e+03 
2.5890000000e+03 
2.5910000000e+03 
2.5920000000e+03 
2.5940000000e+03 
2.5950000000e+03 
2.5960000000e+03 
2.5970000000e+03 
2.5980000000e+03 
2.5990000000e+03 
2.6000000000e+03 
2.6010000000e+03 
2.6020000000e+03 
2.6030000000e+03 
2.6040000000e+03 
2.6060000000e+03 
2.6070000000e+03 
2.6080000000e+03 
2.6090000000e+03 
2.6110000000e+03 
2.6130000000e+03 
2.6140000000e+03 
2.6150000000e+03 
2.6160000000e+03 
2.6190000000e+03 
2.6210000000e+03 
2.6240000000e+03 
2.6260000000e+03 
2.6290000000e+03 
2.6310000000e+03 
2.6340000000e+03 
2.6360000000e+03 
2.6390000000e+03 
2.6410000000e+03 
2.6440000000e+03 
2.6450000000e+03 
2.6460000000e+03 
2.6490000000e+03 
2.6500000000e+03 
2.6510000000e+03 
2.6540000000e+03 
2.6560000000e+03 
2.6580000000e+03 
2.6590000000e+03 
2.6610000000e+03 
2.6620000000e+03 
2.6630000000e+03 
2.6660000000e+03 
2.6680000000e+03 
2.6690000000e+03 
2.6710000000e+03 
2.6740000000e+03 
2.6760000000e+03 
2.6770000000e+03 
2.6810000000e+03 
2.6820000000e+03 
2.6830000000e+03 
2.6840000000e+03 
2.6860000000e+03 
2.6870000000e+03 
2.6890000000e+03 
2.6910000000e+03 
2.6940000000e+03 
2.6950000000e+03 
2.6960000000e+03 
2.6970000000e+03 
2.6990000000e+03 
2.7010000000e+03 
2.7020000000e+03 
2.7050000000e+03 
2.7060000000e+03 
2.7070000000e+03 
2.7110000000e+03 
2.7120000000e+03 
2.7130000000e+03 
2.7140000000e+03 
2.7160000000e+03 
2.7170000000e+03 
2.7180000000e+03 
2.7190000000e+03 
2.7210000000e+03 
2.7220000000e+03 
2.7240000000e+03 
2.7250000000e+03 
2.7260000000e+03 
2.7270000000e+03 
2.7290000000e+03 
2.7300000000e+03 
2.7310000000e+03 
2.7320000000e+03 
2.7350000000e+03 
2.7360000000e+03 
2.7370000000e+03 
2.7380000000e+03 
2.7390000000e+03 
2.7410000000e+03 
2.7420000000e+03 
2.7450000000e+03 
2.7460000000e+03 
2.7470000000e+03 
2.7480000000e+03 
2.7490000000e+03 
2.7500000000e+03 
2.7510000000e+03 
2.7520000000e+03 
2.7540000000e+03 
2.7560000000e+03 
2.7570000000e+03 
2.7590000000e+03 
2.7610000000e+03 
2.7620000000e+03 
2.7630000000e+03 
2.7640000000e+03 
2.7650000000e+03 
2.7660000000e+03 
2.7670000000e+03 
2.7680000000e+03 
2.7690000000e+03 
2.7710000000e+03 
2.7720000000e+03 
2.7730000000e+03 
2.7740000000e+03 
2.7750000000e+03 
2.7760000000e+03 
2.7770000000e+03 
2.7780000000e+03 
2.7790000000e+03 
2.7800000000e+03 
2.7810000000e+03 
2.7820000000e+03 
2.7830000000e+03 
2.7840000000e+03 
2.7850000000e+03 
2.7860000000e+03 
2.7870000000e+03 
2.7880000000e+03 
2.7890000000e+03 
2.7900000000e+03 
2.7910000000e+03 
2.7920000000e+03 
2.7940000000e+03 
2.7950000000e+03 
2.7960000000e+03 
2.7970000000e+03 
2.7980000000e+03 
2.8000000000e+03 
2.8010000000e+03 
2.8020000000e+03 
2.8030000000e+03 
2.8040000000e+03 
2.8050000000e+03 
2.8060000000e+03 
2.8070000000e+03 
2.8080000000e+03 
2.8090000000e+03 
2.8100000000e+03 
2.8110000000e+03 
2.8120000000e+03 
2.8130000000e+03 
2.8140000000e+03 
2.8150000000e+03 
2.8160000000e+03 
2.8170000000e+03 
2.8180000000e+03 
2.8190000000e+03 
2.8200000000e+03 
2.8210000000e+03 
2.8220000000e+03 
2.8230000000e+03 
2.8240000000e+03 
2.8250000000e+03 
2.8260000000e+03 
2.8270000000e+03 
2.8280000000e+03 
2.8290000000e+03 
2.8300000000e+03 
2.8310000000e+03 
2.8320000000e+03 
2.8330000000e+03 
2.8340000000e+03 
2.8350000000e+03 
2.8360000000e+03 
2.8370000000e+03 
2.8410000000e+03 
2.8420000000e+03 
2.8430000000e+03 
2.8440000000e+03 
2.8460000000e+03 
2.8470000000e+03 
2.8510000000e+03 
2.8520000000e+03 
2.8530000000e+03 
2.8550000000e+03 
2.8560000000e+03 
2.8570000000e+03 
2.8580000000e+03 
2.8590000000e+03 
2.8600000000e+03 
2.8610000000e+03 
2.8620000000e+03 
2.8630000000e+03 
2.8640000000e+03 
2.8650000000e+03 
2.8660000000e+03 
2.8670000000e+03 
2.8680000000e+03 
2.8690000000e+03 
2.8700000000e+03 
2.8710000000e+03 
2.8720000000e+03 
2.8730000000e+03 
2.8740000000e+03 
2.8750000000e+03 
2.8760000000e+03 
2.8770000000e+03 
2.8780000000e+03 
2.8790000000e+03 
2.8800000000e+03 
2.8810000000e+03 
2.8820000000e+03 
2.8830000000e+03 
2.8840000000e+03 
2.8850000000e+03 
2.8860000000e+03 
2.8870000000e+03 
2.8880000000e+03 
2.8890000000e+03 
2.8900000000e+03 
2.8910000000e+03 
2.8920000000e+03 
2.8930000000e+03 
2.8940000000e+03 
2.8950000000e+03 
2.8960000000e+03 
2.8970000000e+03 
2.8980000000e+03 
2.8990000000e+03 
2.9000000000e+03 
2.9010000000e+03 
2.9020000000e+03 
2.9030000000e+03 
2.9040000000e+03 
2.9050000000e+03 
2.9060000000e+03 
2.9070000000e+03 
2.9080000000e+03 
2.9090000000e+03 
2.9100000000e+03 
2.9110000000e+03 
2.9120000000e+03 
2.9130000000e+03 
2.9140000000e+03 
2.9150000000e+03 
2.9160000000e+03 
2.9170000000e+03 
2.9180000000e+03 
2.9190000000e+03 
2.9200000000e+03 
2.9210000000e+03 
2.9220000000e+03 
2.9230000000e+03 
2.9240000000e+03 
2.9250000000e+03 
2.9260000000e+03 
2.9270000000e+03 
2.9280000000e+03 
2.9290000000e+03 
2.9300000000e+03 
2.9310000000e+03 
2.9320000000e+03 
2.9340000000e+03 
2.9350000000e+03 
2.9360000000e+03 
2.9370000000e+03 
2.9380000000e+03 
2.9400000000e+03 
2.9410000000e+03 
2.9420000000e+03 
2.9440000000e+03 
2.9450000000e+03 
2.9460000000e+03 
2.9470000000e+03 
2.9480000000e+03 
2.9490000000e+03 
2.9510000000e+03 
2.9520000000e+03 
2.9540000000e+03 
2.9550000000e+03 
2.9560000000e+03 
2.9570000000e+03 
2.9580000000e+03 
2.9610000000e+03 
2.9620000000e+03 
2.9650000000e+03 
2.9660000000e+03 
2.9670000000e+03 
2.9710000000e+03 
2.9720000000e+03 
2.9750000000e+03 
2.9760000000e+03 
2.9770000000e+03 
2.9790000000e+03 
2.9810000000e+03 
2.9820000000e+03 
2.9840000000e+03 
2.9850000000e+03 
2.9860000000e+03 
2.9870000000e+03 
2.9910000000e+03 
2.9920000000e+03 
2.9940000000e+03 
2.9950000000e+03 
2.9960000000e+03 
2.9970000000e+03 
2.9990000000e+03 
3.0010000000e+03 
3.0020000000e+03 
3.0040000000e+03 
3.0060000000e+03 
3.0070000000e+03 
3.0110000000e+03 
3.0120000000e+03 
3.0140000000e+03 
3.0150000000e+03 
3.0160000000e+03 
3.0170000000e+03 
3.0210000000e+03 
3.0220000000e+03 
3.0230000000e+03 
3.0240000000e+03 
3.0260000000e+03 
3.0270000000e+03 
3.0300000000e+03 
3.0310000000e+03 
3.0320000000e+03 
3.0340000000e+03 
3.0350000000e+03 
3.0360000000e+03 
3.0370000000e+03 
3.0380000000e+03 
3.0400000000e+03 
3.0410000000e+03 
3.0420000000e+03 
3.0440000000e+03 
3.0450000000e+03 
3.0460000000e+03 
3.0470000000e+03 
3.0510000000e+03 
3.0520000000e+03 
3.0530000000e+03 
3.0540000000e+03 
3.0550000000e+03 
3.0560000000e+03 
3.0570000000e+03 
3.0610000000e+03 
3.0620000000e+03 
3.0630000000e+03 
3.0640000000e+03 
3.0650000000e+03 
3.0660000000e+03 
3.0670000000e+03 
3.0680000000e+03 
3.0690000000e+03 
3.0700000000e+03 
3.0710000000e+03 
3.0720000000e+03 
3.0730000000e+03 
3.0740000000e+03 
3.0750000000e+03 
3.0760000000e+03 
3.0770000000e+03 
3.0780000000e+03 
3.0790000000e+03 
3.0800000000e+03 
3.0810000000e+03 
3.0820000000e+03 
3.0840000000e+03 
3.0850000000e+03 
3.0860000000e+03 
3.0870000000e+03 
3.0880000000e+03 
3.0900000000e+03 
3.0910000000e+03 
3.0920000000e+03 
3.0950000000e+03 
3.0960000000e+03 
3.0970000000e+03 
3.1010000000e+03 
3.1020000000e+03 
3.1030000000e+03 
3.1040000000e+03 
3.1050000000e+03 
3.1060000000e+03 
3.1070000000e+03 
3.1100000000e+03 
3.1110000000e+03 
3.1120000000e+03 
3.1130000000e+03 
3.1140000000e+03 
3.1150000000e+03 
3.1160000000e+03 
3.1170000000e+03 
3.1190000000e+03 
3.1200000000e+03 
3.1210000000e+03 
3.1220000000e+03 
3.1240000000e+03 
3.1250000000e+03 
3.1260000000e+03 
3.1270000000e+03 
3.1310000000e+03 
3.1320000000e+03 
3.1330000000e+03 
3.1340000000e+03 
3.1350000000e+03 
3.1360000000e+03 
3.1370000000e+03 
3.1410000000e+03 
3.1420000000e+03 
3.1430000000e+03 
3.1460000000e+03 
3.1470000000e+03 
3.1510000000e+03 
3.1520000000e+03 
3.1530000000e+03 
3.1540000000e+03 
3.1550000000e+03 
3.1560000000e+03 
3.1570000000e+03 
3.1610000000e+03 
3.1620000000e+03 
3.1640000000e+03 
3.1650000000e+03 
3.1660000000e+03 
3.1670000000e+03 
3.1710000000e+03 
3.1720000000e+03 
3.1730000000e+03 
3.1740000000e+03 
3.1750000000e+03 
3.1760000000e+03 
3.1770000000e+03 
3.1800000000e+03 
3.1810000000e+03 
3.1820000000e+03 
3.1830000000e+03 
3.1840000000e+03 
3.1850000000e+03 
3.1860000000e+03 
3.1870000000e+03 
3.1910000000e+03 
3.1920000000e+03 
3.1930000000e+03 
3.1940000000e+03 
3.1950000000e+03 
3.1960000000e+03 
3.1970000000e+03 
3.2010000000e+03 
3.2020000000e+03 
3.2030000000e+03 
3.2040000000e+03 
3.2050000000e+03 
3.2060000000e+03 
3.2070000000e+03 
3.2110000000e+03 
3.2120000000e+03 
3.2130000000e+03 
3.2150000000e+03 
3.2160000000e+03 
3.2170000000e+03 
3.2200000000e+03 
3.2210000000e+03 
3.2220000000e+03 
3.2230000000e+03 
3.2240000000e+03 
3.2250000000e+03 
3.2260000000e+03 
3.2270000000e+03 
3.2310000000e+03 
3.2320000000e+03 
3.2330000000e+03 
3.2340000000e+03 
3.2350000000e+03 
3.2360000000e+03 
3.2370000000e+03 
3.2390000000e+03 
3.2410000000e+03 
3.2420000000e+03 
3.2430000000e+03 
3.2440000000e+03 
3.2450000000e+03 
3.2460000000e+03 
3.2470000000e+03 
3.2500000000e+03 
3.2510000000e+03 
3.2520000000e+03 
3.2530000000e+03 
3.2540000000e+03 
3.2550000000e+03 
3.2560000000e+03 
3.2570000000e+03 
3.2600000000e+03 
3.2610000000e+03 
3.2620000000e+03 
3.2630000000e+03 
3.2660000000e+03 
3.2670000000e+03 
3.2710000000e+03 
3.2720000000e+03 
3.2740000000e+03 
3.2750000000e+03 
3.2760000000e+03 
3.2770000000e+03 
3.2810000000e+03 
3.2820000000e+03 
3.2830000000e+03 
3.2840000000e+03 
3.2860000000e+03 
3.2870000000e+03 
3.2910000000e+03 
3.2920000000e+03 
3.2950000000e+03 
3.2960000000e+03 
3.2970000000e+03 
3.3010000000e+03 
3.3020000000e+03 
3.3060000000e+03 
3.3070000000e+03 
3.3090000000e+03 
3.3100000000e+03 
3.3110000000e+03 
3.3120000000e+03 
3.3140000000e+03 
3.3150000000e+03 
3.3160000000e+03 
3.3170000000e+03 
3.3210000000e+03 
3.3220000000e+03 
3.3230000000e+03 
3.3260000000e+03 
3.3290000000e+03 
3.3310000000e+03 
3.3320000000e+03 
3.3350000000e+03 
3.3360000000e+03 
3.3370000000e+03 
3.3390000000e+03 
3.3410000000e+03 
3.3420000000e+03 
3.3460000000e+03 
3.3470000000e+03 
3.3480000000e+03 
3.3490000000e+03 
3.3500000000e+03 
3.3510000000e+03 
3.3520000000e+03 
3.3540000000e+03 
3.3550000000e+03 
3.3560000000e+03 
3.3570000000e+03 
3.3580000000e+03 
3.3590000000e+03 
3.3610000000e+03 
3.3620000000e+03 
3.3630000000e+03 
3.3650000000e+03 
3.3660000000e+03 
3.3670000000e+03 
3.3680000000e+03 
3.3700000000e+03 
3.3710000000e+03 
3.3720000000e+03 
3.3730000000e+03 
3.3740000000e+03 
3.3750000000e+03 
3.3760000000e+03 
3.3770000000e+03 
3.3780000000e+03 
3.3790000000e+03 
3.3810000000e+03 
3.3820000000e+03 
3.3830000000e+03 
3.3840000000e+03 
3.3860000000e+03 
3.3870000000e+03 
3.3880000000e+03 
3.3900000000e+03 
3.3910000000e+03 
3.3920000000e+03 
3.3930000000e+03 
3.3940000000e+03 
3.3950000000e+03 
3.3960000000e+03 
3.3970000000e+03 
3.4010000000e+03 
3.4020000000e+03 
3.4060000000e+03 
3.4070000000e+03 
3.4110000000e+03 
3.4120000000e+03 
3.4160000000e+03 
3.4170000000e+03 
3.4180000000e+03 
3.4190000000e+03 
3.4210000000e+03 
3.4220000000e+03 
3.4240000000e+03 
3.4250000000e+03 
3.4260000000e+03 
3.4270000000e+03 
3.4280000000e+03 
3.4310000000e+03 
3.4320000000e+03 
3.4340000000e+03 
3.4350000000e+03 
3.4360000000e+03 
3.4370000000e+03 
3.4390000000e+03 
3.4400000000e+03 
3.4410000000e+03 
3.4420000000e+03 
3.4440000000e+03 
3.4450000000e+03 
3.4460000000e+03 
3.4470000000e+03 
3.4510000000e+03 
3.4540000000e+03 
3.4550000000e+03 
3.4560000000e+03 
3.4570000000e+03 
3.4610000000e+03 
3.4620000000e+03 
3.4660000000e+03 
3.4670000000e+03 
3.4710000000e+03 
3.4720000000e+03 
3.4760000000e+03 
3.4770000000e+03 
3.4790000000e+03 
3.4810000000e+03 
3.4820000000e+03 
3.4860000000e+03 
3.4870000000e+03 
3.4880000000e+03 
3.4910000000e+03 
3.4920000000e+03 
3.4960000000e+03 
3.4970000000e+03 
3.5010000000e+03 
3.5020000000e+03 
3.5030000000e+03 
3.5060000000e+03 
3.5070000000e+03 
3.5080000000e+03 
3.5110000000e+03 
3.5120000000e+03 
3.5160000000e+03 
3.5170000000e+03 
3.5190000000e+03 
3.5210000000e+03 
3.5220000000e+03 
3.5240000000e+03 
3.5250000000e+03 
3.5260000000e+03 
3.5270000000e+03 
3.5310000000e+03 
3.5320000000e+03 
3.5330000000e+03 
3.5340000000e+03 
3.5350000000e+03 
3.5360000000e+03 
3.5370000000e+03 
3.5380000000e+03 
3.5390000000e+03 
3.5400000000e+03 
3.5410000000e+03 
3.5420000000e+03 
3.5430000000e+03 
3.5440000000e+03 
3.5450000000e+03 
3.5460000000e+03 
3.5470000000e+03 
3.5490000000e+03 
3.5500000000e+03 
3.5510000000e+03 
3.5520000000e+03 
3.5530000000e+03 
3.5540000000e+03 
3.5550000000e+03 
3.5560000000e+03 
3.5570000000e+03 
3.5580000000e+03 
3.5590000000e+03 
3.5600000000e+03 
3.5610000000e+03 
3.5620000000e+03 
3.5660000000e+03 
3.5670000000e+03 
3.5710000000e+03 
3.5720000000e+03 
3.5750000000e+03 
3.5760000000e+03 
3.5770000000e+03 
3.5810000000e+03 
3.5820000000e+03 
3.5860000000e+03 
3.5870000000e+03 
3.5910000000e+03 
3.5920000000e+03 
3.5960000000e+03 
3.5970000000e+03 
3.5990000000e+03 
3.6010000000e+03 
3.6020000000e+03 
3.6060000000e+03 
3.6070000000e+03 
3.6110000000e+03 
3.6120000000e+03 
3.6160000000e+03 
3.6170000000e+03 
3.6180000000e+03 
3.6190000000e+03 
3.6210000000e+03 
3.6220000000e+03 
3.6230000000e+03 
3.6260000000e+03 
3.6270000000e+03 
3.6280000000e+03 
3.6290000000e+03 
3.6310000000e+03 
3.6320000000e+03 
3.6340000000e+03 
3.6350000000e+03 
3.6360000000e+03 
3.6370000000e+03 
3.6390000000e+03 
3.6400000000e+03 
3.6410000000e+03 
3.6420000000e+03 
3.6430000000e+03 
3.6440000000e+03 
3.6460000000e+03 
3.6470000000e+03 
3.6480000000e+03 
3.6490000000e+03 
3.6500000000e+03 
3.6510000000e+03 
3.6520000000e+03 
3.6530000000e+03 
3.6540000000e+03 
3.6550000000e+03 
3.6560000000e+03 
3.6570000000e+03 
3.6580000000e+03 
3.6590000000e+03 
3.6600000000e+03 
3.6610000000e+03 
3.6620000000e+03 
3.6630000000e+03 
3.6640000000e+03 
3.6650000000e+03 
3.6660000000e+03 
3.6670000000e+03 
3.6680000000e+03 
3.6690000000e+03 
3.6700000000e+03 
3.6710000000e+03 
3.6720000000e+03 
3.6730000000e+03 
3.6740000000e+03 
3.6750000000e+03 
3.6760000000e+03 
3.6770000000e+03 
3.6780000000e+03 
3.6790000000e+03 
3.6800000000e+03 
3.6810000000e+03 
3.6820000000e+03 
3.6830000000e+03 
3.6840000000e+03 
3.6850000000e+03 
3.6860000000e+03 
3.6870000000e+03 
3.6880000000e+03 
3.6890000000e+03 
3.6900000000e+03 
3.6910000000e+03 
3.6920000000e+03 
3.6930000000e+03 
3.6940000000e+03 
3.6950000000e+03 
3.6960000000e+03 
3.6970000000e+03 
3.6990000000e+03 
3.7010000000e+03 
3.7020000000e+03 
3.7030000000e+03 
3.7040000000e+03 
3.7050000000e+03 
3.7060000000e+03 
3.7070000000e+03 
3.7080000000e+03 
3.7090000000e+03 
3.7100000000e+03 
3.7110000000e+03 
3.7120000000e+03 
3.7130000000e+03 
3.7140000000e+03 
3.7150000000e+03 
3.7160000000e+03 
3.7170000000e+03 
3.7190000000e+03 
3.7210000000e+03 
3.7220000000e+03 
3.7230000000e+03 
3.7240000000e+03 
3.7250000000e+03 
3.7260000000e+03 
3.7270000000e+03 
3.7280000000e+03 
3.7290000000e+03 
3.7300000000e+03 
3.7310000000e+03 
3.7320000000e+03 
3.7330000000e+03 
3.7340000000e+03 
3.7350000000e+03 
3.7360000000e+03 
3.7370000000e+03 
3.7380000000e+03 
3.7390000000e+03 
3.7400000000e+03 
3.7410000000e+03 
3.7420000000e+03 
3.7430000000e+03 
3.7440000000e+03 
3.7450000000e+03 
3.7460000000e+03 
3.7470000000e+03 
3.7480000000e+03 
3.7490000000e+03 
3.7500000000e+03 
3.7510000000e+03 
3.7520000000e+03 
3.7530000000e+03 
3.7540000000e+03 
3.7550000000e+03 
3.7560000000e+03 
3.7570000000e+03 
3.7590000000e+03 
3.7600000000e+03 
3.7610000000e+03 
3.7620000000e+03 
3.7630000000e+03 
3.7640000000e+03 
3.7650000000e+03 
3.7660000000e+03 
3.7670000000e+03 
3.7710000000e+03 
3.7720000000e+03 
3.7730000000e+03 
3.7740000000e+03 
3.7750000000e+03 
3.7760000000e+03 
3.7770000000e+03 
3.7780000000e+03 
3.7790000000e+03 
3.7800000000e+03 
3.7810000000e+03 
3.7820000000e+03 
3.7830000000e+03 
3.7840000000e+03 
3.7850000000e+03 
3.7860000000e+03 
3.7870000000e+03 
3.7880000000e+03 
3.7890000000e+03 
3.7900000000e+03 
3.7910000000e+03 
3.7920000000e+03 
3.7930000000e+03 
3.7940000000e+03 
3.7950000000e+03 
3.7960000000e+03 
3.7970000000e+03 
3.7990000000e+03 
3.8000000000e+03 
3.8010000000e+03 
3.8020000000e+03 
3.8040000000e+03 
3.8050000000e+03 
3.8060000000e+03 
3.8070000000e+03 
3.8080000000e+03 
3.8090000000e+03 
3.8100000000e+03 
3.8110000000e+03 
3.8120000000e+03 
3.8130000000e+03 
3.8140000000e+03 
3.8150000000e+03 
3.8160000000e+03 
3.8170000000e+03 
3.8180000000e+03 
3.8190000000e+03 
3.8200000000e+03 
3.8210000000e+03 
3.8220000000e+03 
3.8230000000e+03 
3.8240000000e+03 
3.8250000000e+03 
3.8260000000e+03 
3.8270000000e+03 
3.8280000000e+03 
3.8290000000e+03 
3.8300000000e+03 
3.8310000000e+03 
3.8320000000e+03 
3.8330000000e+03 
3.8340000000e+03 
3.8350000000e+03 
3.8360000000e+03 
3.8370000000e+03 
3.8380000000e+03 
3.8390000000e+03 
3.8410000000e+03 
3.8420000000e+03 
3.8430000000e+03 
3.8440000000e+03 
3.8450000000e+03 
3.8460000000e+03 
3.8470000000e+03 
3.8480000000e+03 
3.8490000000e+03 
3.8500000000e+03 
3.8510000000e+03 
3.8520000000e+03 
3.8530000000e+03 
3.8540000000e+03 
3.8550000000e+03 
3.8560000000e+03 
3.8570000000e+03 
3.8580000000e+03 
3.8590000000e+03 
3.8600000000e+03 
3.8610000000e+03 
3.8620000000e+03 
3.8630000000e+03 
3.8640000000e+03 
3.8650000000e+03 
3.8660000000e+03 
3.8670000000e+03 
3.8680000000e+03 
3.8690000000e+03 
3.8700000000e+03 
3.8710000000e+03 
3.8720000000e+03 
3.8730000000e+03 
3.8740000000e+03 
3.8750000000e+03 
3.8760000000e+03 
3.8770000000e+03 
3.8780000000e+03 
3.8790000000e+03 
3.8800000000e+03 
3.8810000000e+03 
3.8820000000e+03 
3.8830000000e+03 
3.8840000000e+03 
3.8850000000e+03 
3.8860000000e+03 
3.8870000000e+03 
3.8880000000e+03 
3.8890000000e+03 
3.8900000000e+03 
3.8910000000e+03 
3.8920000000e+03 
3.8930000000e+03 
3.8940000000e+03 
